image_x = [ 177, 162.5, 162.5, 168, 178.5, 616, 607, 607.5, 611, 622, 1335, 1345.5, 1350, 1348, 1345.5, 1817.5, 1831, 1833, 1839, 1838, 
            308.5, 599.5, 447.5, 184.5, 756.5, 1161.5, 1327, 1484, 1639, 1767.5, 1788, 
            1084, 1261.5, 1428, 1584, 1715, 1845, 
            1093.5, 1271, 1440.5, 1594.5, 1737, 1863.5, 
            1097, 1279, 1446.5, 1602.5, 1739.5, 1867.5, 
            1099, 1282, 1447.5, 1602, 1741.5, 1865, 
            1097.5, 1277, 1440, 1598, 1734.5, 1858.5, 
            129, 240.5, 378.5, 524, 685, 855.5, 
            120, 231.5, 364, 516.5, 680, 854.5, 
            112.5, 227, 363.5, 514, 672.5, 846.5, 
            104, 221, 350.5, 500.5, 661.5, 836, 
            131, 243, 374, 521.5, 684, 852] #from0~9, without 1 影像中的X值
arm_x = [   -28, -28, -28, -28, -28, -12, -12, -12, -12, -12, 9, 9, 9, 9, 9, 26, 26, 26, 26, 26, 
            -27.5, -22.5, -17.5, -12.5, -7.5, 4, 9, 14, 19, 24, 24, 
            2, 7, 12, 17, 22, 27, 
            2, 7, 12, 17, 22, 27, 
            2, 7, 12, 17, 22, 27, 
            2, 7, 12, 17, 22, 27, 
            2, 7, 12, 17, 22, 27, 
            -30, -25, -20, -15, -10, -5, 
            -30, -25, -20, -15, -10, -5, 
            -30, -25, -20, -15, -10, -5, 
            -30, -25, -20, -15, -10, -5, 
            -30, -25, -20, -15, -10, -5, 
            ] #from0~9, without 1 手臂的X值
image_y = [ 1103.5, 923.5, 742.5, 553.5, 398.5, 1147, 947, 775, 565, 363, 1092.5, 922, 746.5, 569, 400, 1099.5, 455, 948.5, 791.5, 635, 
            1176.5, 1207, 1197, 1168, 1219.5, 1196, 1195.5, 1186.5, 1170, 1155, 1005.5, 
            1108, 1106, 1101, 1090.5, 1079, 1069, 
            930, 929, 924, 924, 921.5, 921.5, 
            749, 948, 751, 956, 757, 757, 
            566, 572, 570.5, 584.5, 594.5, 603, 
            390.5, 399.5, 406.5, 426.5, 438, 455, 
            451, 438, 413.5, 411, 395, 389, 
            592, 583, 577, 573, 569, 562, 
            744.5, 744, 748, 748.5, 754, 744, 
            909, 914, 920, 928.5, 930.5, 932, 
            1044.5, 1051.5, 1067, 1080.5, 1088.5, 1094] #from0~9, without 1 影像中的Y值
arm_y = [   33, 39, 45, 51, 56, 33, 39, 44, 50, 56, 35, 40, 45, 50, 55, 34, 39, 44, 49, 55, 
            31.5, 31.5, 31.5, 31.5, 31.5, 32, 32, 32, 32, 32, 37,
            35, 35, 35, 35, 35, 35, 
            40, 40, 40, 40, 40, 40, 
            45, 45, 45, 45, 45, 45, 
            50, 50, 50, 50, 50, 50, 
            55, 55, 55, 55, 55, 55, 
            55, 55, 55, 55, 55, 55, 
            50, 50, 50, 50, 50, 50, 
            45, 45, 45, 45, 45, 45, 
            40, 40, 40, 40, 40, 40, 
            35, 35, 35, 35, 35, 35 ] #from0~9, without 1 手臂的Y值
